# N mean_curv std_curv
231 -5.161111 2.019802
312 -8.849741 2.649316
376 -5.661789 2.084262
432 -6.144737 2.227838
559 -6.199396 2.185395
671 -6.210348 2.087938
888 -6.642727 2.414614
1060 -6.860010 2.532275
1277 -6.615515 2.472251
1745 -6.932138 2.448244
2082 -7.127758 2.373780
2330 -7.327582 2.521565
2677 -7.491550 2.575980
4047 -7.932278 2.627019
5925 -8.145500 2.634451
11799 -8.746000 2.746722
11802 -8.276500 2.725811
23600 -9.175500 2.919709
23666 -8.952500 2.847849
59218 -9.873000 2.951757
59256 -9.949500 2.868789
100608 -10.345000 3.004326
100608 -10.422500 3.026383
