# N L C C_rand S
100913 2.1973 0.1176 0.0000 56990.9060
100913 15.2455 0.0964 0.0000 3029.1002
100913 10.1032 0.0404 0.0000 1028.3142
100913 8.4593 0.0240 0.0000 508.4965
100913 7.4029 0.0182 0.0001 316.9743
1000 6.7291 0.0308 0.0045 4.5887
1000 10.6532 0.0572 0.0051 4.4463
1000 10.5576 0.0595 0.0051 4.6717
1000 10.5473 0.0512 0.0051 4.0264
1000 32.1201 0.0764 0.0025 7.1803
1000 31.4540 0.0537 0.0025 5.1607
1000 31.4928 0.1088 0.0025 10.4368
1000 15.4798 0.0685 0.0035 7.0258
1000 15.2135 0.0607 0.0035 6.3435
1000 15.3648 0.0493 0.0035 5.0953
1000 6.9163 0.0416 0.0044 6.3155
1000 6.9203 0.0261 0.0044 3.9610
1000 6.8820 0.0319 0.0044 4.8682
200 6.2355 0.0488 0.0197 1.5432
2000 7.0167 0.0264 0.0024 7.6738
2000 6.9359 0.0262 0.0024 7.5158
2000 6.8748 0.0243 0.0024 7.0349
2000 6.8842 0.0379 0.0024 10.9722
200 6.3381 0.0393 0.0192 1.2766
200 6.3382 0.0407 0.0192 1.3225
200 6.3930 0.0462 0.0192 1.4891
500 6.6440 0.0275 0.0085 2.0968
5000 7.2696 0.0188 0.0010 13.2284
500 6.4621 0.0302 0.0086 2.3121
500 6.4731 0.0242 0.0086 1.8494
500 6.4491 0.0256 0.0086 1.9621
8480 7.4340 0.0165 0.0006 18.6726
100913 6.7702 0.0164 0.0001 243.9991
100913 6.3536 0.0172 0.0001 226.1227
100913 5.9614 0.0107 0.0001 122.3212
100913 5.6996 0.0084 0.0001 85.6311
100913 5.5086 0.0085 0.0001 79.7012
100913 5.2939 0.0077 0.0001 65.4949
2369 6.2877 0.0475 0.0017 25.9968
2380 6.2418 0.0411 0.0016 23.7992
2380 6.3223 0.0385 0.0016 22.0158
2380 6.2644 0.0332 0.0016 19.1198
2370 6.0620 0.0277 0.0017 15.0145
2379 6.4885 0.0310 0.0016 18.2072
2379 6.4980 0.0362 0.0016 21.2022
2379 6.5747 0.0438 0.0016 25.3743
103 4.9772 0.1103 0.0259 4.0872
114 5.5982 0.0625 0.0219 2.6649
114 5.5773 0.0625 0.0219 2.6748
114 5.5998 0.0625 0.0219 2.6641
226 5.6472 0.0582 0.0125 4.2916
236 5.4308 0.0588 0.0123 4.5307
236 5.4201 0.0588 0.0123 4.5397
236 5.3935 0.0588 0.0123 4.5621
110 5.4324 0.0894 0.0225 3.8274
186 5.6891 0.1235 0.0150 7.4150
186 5.8459 0.1235 0.0150 7.2160
186 5.7588 0.1235 0.0150 7.3253
385 5.6469 0.0683 0.0083 7.4525
5995 6.5402 0.0194 0.0007 24.6511
5995 6.5464 0.0228 0.0007 28.9636
5995 6.5255 0.0213 0.0007 27.0732
6002 6.3599 0.0244 0.0007 31.2707
5914 6.4042 0.0212 0.0007 25.9541
5914 6.2021 0.0195 0.0007 24.7299
5914 6.4154 0.0346 0.0007 42.3358
5970 6.6805 0.0323 0.0007 40.9451
120 4.2774 0.0791 0.0296 2.3814
120 4.2641 0.0791 0.0296 2.3888
120 4.2676 0.0791 0.0296 2.3868
107 4.8679 0.0901 0.0273 2.9735
107 4.9038 0.0901 0.0273 2.9517
107 4.8386 0.0901 0.0273 2.9915
124 3.2619 0.0629 0.0427 1.3098
124 3.2569 0.0629 0.0427 1.3118
124 3.2497 0.0629 0.0427 1.3147
144 4.8610 0.0732 0.0222 2.9077
144 4.8033 0.0732 0.0222 2.9426
144 4.7843 0.0732 0.0222 2.9543
104 4.9343 0.0717 0.0250 2.8507
206 5.5298 0.0753 0.0153 4.1508
206 5.4338 0.0753 0.0153 4.2241
206 5.3830 0.0753 0.0153 4.2639
105 3.3279 0.0643 0.0441 1.3372
105 3.3392 0.0643 0.0441 1.3326
105 3.3067 0.0643 0.0441 1.3457
123 4.8546 0.0929 0.0223 4.1398
245 5.1588 0.0805 0.0148 4.5408
245 5.2002 0.0805 0.0148 4.5047
245 5.1015 0.0805 0.0148 4.5918
144 4.9215 0.0820 0.0220 3.2992
144 4.9016 0.0820 0.0220 3.3126
144 4.9316 0.0820 0.0220 3.2924
203 5.0542 0.0795 0.0152 4.8935
203 4.9743 0.0795 0.0152 4.9720
203 5.0951 0.0795 0.0152 4.8542
158 5.7733 0.0702 0.0170 3.6809
182 5.2686 0.0697 0.0170 3.6024
182 5.1860 0.0697 0.0170 3.6598
182 5.2346 0.0697 0.0170 3.6259
134 7.0148 0.0757 0.0180 3.3825
134 7.0486 0.0757 0.0180 3.3663
134 7.0261 0.0757 0.0180 3.3771
158 5.4440 0.0747 0.0173 4.0418
158 5.4009 0.0747 0.0173 4.0741
158 5.4082 0.0747 0.0173 4.0686
118 3.3512 0.0659 0.0409 1.4671
118 3.3531 0.0659 0.0409 1.4662
118 3.3393 0.0659 0.0409 1.4723
595 7.1311 0.0699 0.0057 9.1115
595 7.3385 0.0636 0.0057 8.0620
595 7.3526 0.0659 0.0057 8.3311
370 5.6970 0.0455 0.0085 4.8207
144 5.1276 0.0530 0.0200 2.4420
144 5.0949 0.0530 0.0200 2.4576
144 5.1090 0.0530 0.0200 2.4509
190 7.4302 0.1212 0.0123 8.3203
190 7.3970 0.1212 0.0123 8.3576
190 7.4514 0.1212 0.0123 8.2966
104 4.9140 0.0515 0.0252 2.0247
104 4.9167 0.0515 0.0252 2.0236
104 4.9304 0.0515 0.0252 2.0180
876 5.8570 0.0347 0.0041 7.7481
312 4.3293 0.0561 0.0159 2.9257
312 4.2924 0.0592 0.0159 3.1140
312 4.3661 0.0590 0.0159 3.0507
293 5.9290 0.0563 0.0115 3.8707
293 5.8578 0.0563 0.0115 3.9177
293 5.9547 0.0563 0.0115 3.8540
120 4.5671 0.0684 0.0254 2.5619
198 5.1690 0.0442 0.0144 3.0108
198 5.1100 0.0442 0.0144 3.0456
198 5.1422 0.0442 0.0144 3.0265
419 9.9901 0.0669 0.0061 7.0843
419 9.9398 0.0660 0.0061 7.0254
419 9.7362 0.0636 0.0061 6.9094
118 5.1117 0.1043 0.0229 4.3155
118 5.1240 0.1043 0.0229 4.3052
118 5.0560 0.1043 0.0229 4.3631
692 5.6430 0.0495 0.0049 9.4680
11888 6.6880 0.0293 0.0004 69.7941
11924 7.0802 0.0233 0.0004 56.0562
11924 6.9618 0.0311 0.0004 76.0857
11924 7.0880 0.0251 0.0004 60.4097
11906 6.8948 0.0350 0.0004 84.8099
11906 6.8781 0.0276 0.0004 66.8774
11906 6.8322 0.0335 0.0004 81.9243
11898 6.6684 0.0175 0.0004 42.6878
122 5.0518 0.0515 0.0229 2.1009
136 4.7798 0.0733 0.0223 3.0566
136 4.7439 0.0733 0.0223 3.0797
136 4.7350 0.0733 0.0223 3.0855
254 4.9129 0.0692 0.0128 5.1696
254 4.9464 0.0692 0.0128 5.1346
254 4.9319 0.0692 0.0128 5.1497
109 5.4349 0.1333 0.0263 4.1795
161 4.9596 0.0843 0.0179 4.6067
161 4.9095 0.0843 0.0179 4.6536
161 4.9125 0.0843 0.0179 4.6508
118 5.1783 0.1056 0.0246 3.7314
246 5.5973 0.0809 0.0120 6.1677
246 5.6689 0.0809 0.0120 6.0898
246 5.5671 0.0809 0.0120 6.2012
330 5.4078 0.0508 0.0096 4.9219
187 5.2654 0.0621 0.0158 3.6446
164 5.5430 0.0503 0.0170 2.6738
164 5.4179 0.0503 0.0170 2.7356
164 5.4051 0.0503 0.0170 2.7420
253 5.3368 0.0459 0.0120 3.6103
253 5.2778 0.0459 0.0120 3.6506
253 5.2572 0.0459 0.0120 3.6650
204 5.2907 0.0396 0.0147 2.4844
255 5.6455 0.0841 0.0116 6.6058
255 5.5010 0.0841 0.0116 6.7793
255 5.5698 0.0841 0.0116 6.6955
421 5.8643 0.0615 0.0077 7.0444
1083 5.8500 0.0535 0.0034 14.4137
1083 5.9253 0.0630 0.0034 16.7421
1083 5.8549 0.0646 0.0034 17.3853
130 5.8392 0.0517 0.0191 2.5050
526 5.7012 0.0517 0.0062 7.7657
526 5.6419 0.0591 0.0062 8.9641
526 5.6832 0.0529 0.0062 7.9771
184 5.3318 0.0523 0.0159 3.0047
184 5.3832 0.0523 0.0159 2.9760
184 5.3152 0.0523 0.0159 3.0141
373 5.1865 0.0455 0.0088 4.9739
159 5.7745 0.0912 0.0162 5.2840
595 6.0252 0.0568 0.0055 9.2298
595 6.2116 0.0643 0.0055 10.1425
595 6.0218 0.0564 0.0055 9.1745
454 5.3503 0.0776 0.0074 9.8358
454 5.3807 0.0746 0.0074 9.4073
454 5.3796 0.0673 0.0074 8.4914
578 5.5483 0.0534 0.0060 8.3203
397 5.4268 0.0644 0.0086 6.7721
1776 6.2604 0.0481 0.0021 20.4037
1776 6.1936 0.0415 0.0021 17.8051
1776 6.2860 0.0409 0.0021 17.3016
916 5.8634 0.0491 0.0039 11.3984
916 5.9328 0.0448 0.0039 10.2876
916 5.8603 0.0564 0.0039 13.0976
155 5.1532 0.0492 0.0181 2.5961
356 5.2333 0.0589 0.0094 5.8407
23744 6.9302 0.0329 0.0002 148.6034
23744 6.9413 0.0237 0.0002 106.9739
23744 6.9247 0.0304 0.0002 137.7681
23803 6.9941 0.0179 0.0002 80.2326
23803 6.8770 0.0329 0.0002 149.8818
23803 7.0454 0.0277 0.0002 122.9261
23785 6.9285 0.0303 0.0002 142.2947
23836 7.1190 0.0223 0.0002 101.2650
121 4.6035 0.1162 0.0255 4.2488
147 5.7008 0.1061 0.0187 4.9304
137 5.0157 0.0762 0.0211 3.3447
237 5.1937 0.0557 0.0130 4.0364
126 5.8293 0.0622 0.0204 2.6902
223 5.0864 0.0808 0.0143 5.1961
139 5.3586 0.0975 0.0194 4.7041
142 5.6142 0.1063 0.0196 4.7201
109 6.0654 0.0450 0.0226 1.7258
146 4.9155 0.0841 0.0204 3.8532
344 5.6144 0.0708 0.0093 6.8474
166 4.8922 0.0648 0.0182 3.3904
227 5.2800 0.0968 0.0139 6.2681
122 4.9016 0.0351 0.0234 1.4060
170 5.3436 0.0644 0.0162 3.8155
216 4.9154 0.0808 0.0155 4.7084
360 5.3779 0.0507 0.0089 5.3829
100 4.9019 0.0519 0.0259 2.0059
102 5.3684 0.1025 0.0266 3.3610
369 5.4308 0.0759 0.0088 8.0535
127 4.8011 0.0932 0.0220 4.1941
148 4.8484 0.1160 0.0193 5.9368
603 5.6720 0.0571 0.0056 9.4471
153 5.4089 0.0820 0.0168 4.8604
645 5.7579 0.0481 0.0054 8.1087
616 5.6808 0.0484 0.0055 8.1327
222 5.7438 0.0674 0.0124 5.0792
564 5.7223 0.0442 0.0059 6.9933
864 5.7902 0.0374 0.0042 8.1663
646 5.6933 0.0538 0.0054 9.1696
239 5.2024 0.0934 0.0126 7.0827
1068 6.0998 0.0564 0.0034 14.5821
5151 6.5156 0.0185 0.0008 20.4442
2710 6.2390 0.0417 0.0015 25.5996
972 6.0416 0.0414 0.0036 10.5077
59517 7.1958 0.0149 0.0001 159.3790
59517 7.2701 0.0229 0.0001 247.8275
185 5.8596 0.1010 0.0140 6.7486
114 5.4727 0.0933 0.0227 3.7854
106 4.7270 0.1309 0.0280 4.2681
123 5.5861 0.0792 0.0213 3.3477
128 5.1786 0.0953 0.0219 3.9844
100 5.5508 0.0943 0.0263 3.1176
131 4.8566 0.0825 0.0202 4.2490
149 4.6857 0.0885 0.0208 4.0520
100 5.0229 0.0685 0.0259 2.5825
246 5.5166 0.0800 0.0120 6.1868
171 4.9562 0.1192 0.0169 6.9165
257 5.5621 0.0717 0.0117 5.5461
182 5.1960 0.0850 0.0157 5.2162
302 5.2184 0.0744 0.0105 6.7748
514 5.5939 0.0752 0.0065 10.6733
184 4.9782 0.0946 0.0152 6.3683
450 5.7649 0.0526 0.0072 6.6600
164 4.9835 0.0689 0.0189 3.3074
618 5.6910 0.0450 0.0057 7.0061
258 5.4501 0.0618 0.0118 4.8358
324 5.7148 0.0678 0.0094 6.5884
352 5.5431 0.0931 0.0093 8.9962
1301 6.2011 0.0561 0.0028 18.0378
265 5.6976 0.0488 0.0107 4.2834
1481 5.8787 0.0478 0.0026 17.1205
2104 6.1415 0.0540 0.0019 26.4145
445 5.9456 0.0532 0.0071 6.6860
271 5.3569 0.0357 0.0111 3.0638
4104 6.2638 0.0295 0.0010 26.4374
100913 7.3675 0.0189 0.0001 327.1126
